# Created by Octave 4.2.1, Tue May 23 13:52:00 2017 GMT <unknown@unknown>
# name: v
# type: matrix
# rows: 5
# columns: 1
 123
 239
 345
 893
 1045


